1.44932954141e-41
 1.53232798854e-41
 2.24480431324e-42
 1.29012914673e-41
 -1.40259048173e-41
 6.88706089181e-42
 -1.36794359487e-41
 3.68768939144e-43
 1.84516382026e-41
 1.12951020383e-42
 -1.32859136767e-41
 -1.03845738534e-41
 -5.81964120854e-42
 1.78185071791e-41
 -1.62750906229e-41
 1.69711700678e-41
 4.23019597762e-42
 1.25457429195e-41
 2.87118561149e-42
 -1.07215751013e-41
 -2.128746593e-42
 6.9520579514e-42
 7.05311214346e-42
 1.36658960941e-41
 1.57042405694e-41
 1.11426058184e-41
 -4.88494949093e-42
 9.11274725451e-42
 -1.35025581006e-41
 -1.31983679882e-41
 2.84449427704e-42
 -5.3835982561e-42
