-0.0382382126543 0.102477986162 0.00945096356307 0.0841690138999 0.145987716756 -0.0123943480638 0.0591279091015 0.0992938504683 0.0926184877803 0.051001672696 0.0152968381322 0.0912644044785 0.0943428434647 0.140665093806 0.0417881177361 0.0714656050293 0.127409180611 0.0642400089403 0.074938575006 -0.0310521978862 -0.0335869899291 0.0578477890112 0.00995003378281 0.130641601095 0.0134415994172 0.0108787223917 0.0747227724021 -0.0126396224679 0.0646239907407 0.124027245294 0.157842775545 -0.00289946553667
 -0.0367108236403 0.0147095031147 0.0611978161037 0.141355540136 -0.0416984564295 0.0856990035039 -0.0315316805141 0.128702366124 -0.00276801393168 0.00428501303827 0.0425658767541 -0.0298670714093 0.00984189666701 0.117716813827 -0.0211356311605 0.0399312839487 0.0935322165163 0.0515176357963 -0.0163101705272 0.0608129238245 0.0779957387282 0.0490086728514 0.044399026284 0.109364331138 0.128502358709 0.0864736351796 0.118920329053 0.0196641093603 -0.0408970107987 0.104018818413 -0.0359435390711 -0.0452070161189
 0.114008158899 0.0350716067106 0.0551714222449 0.0421644861911 -0.0104441528607 0.0946158089921 0.0849428280908 0.0128265095526 0.0634040519668 -0.0216846476815 0.0597034351454 0.0737500608288 -0.0434743194731 0.0657746732019 0.00971662015166 0.0078587795047 -0.00281384714281 -0.0328644747801 0.0643458054794 0.12026852984 0.123946257505 0.0596606080839 0.0165123750407 0.101540922945 0.116147941236 0.106183485287 -0.00063341207697 0.10413156174 0.05728780535 0.0821749195788 -0.0168812725079 0.0604642929189
 0.0952512358172 0.145934776048 0.0130225144938 0.0403338780685 -0.0512518139648 0.0625465163446 0.0314560122197 0.0523380303085 0.00528149176924 0.140686437438 -0.00265508779908 0.0193204714144 0.126386331282 0.106127516155 0.144336435943 0.0783106745877 -0.00591692171206 0.116448024116 0.115985676595 -0.0204976114634 0.0478504953779 0.0617695146689 -0.0346646630283 0.105921197311 0.0237438920142 0.0118951261647 0.0864268828576 0.0136208117398 0.0468428109252 -0.0497869743863 0.0617953071379 -0.0204240930973
 -0.0177029616822 0.0476734502441 0.0835321215436 0.105138435476 0.0863643466782 -0.0184022524625 -0.0149402726261 0.0794187192416 0.0233518684264 -0.0212539595722 -0.0061290339553 -0.00436695059662 -0.00415170085507 0.126269531253 0.00189603359912 -0.0206589019288 0.0972731507171 0.13799669712 0.134342178595 0.0841830882921 -0.0495338161546 0.10322296576 -0.0367070747988 0.138989477333 0.127049617423 0.131711007381 0.142171390843 0.162239821395 -0.0136478619538 0.0843706729205 0.145362691371 0.0576025426997
 0.0534068968001 0.154437527637 0.104435423441 0.0299877448522 0.0588122750559 0.0463104940342 0.103464699531 0.0739670945716 0.147819237797 -0.0131493741406 0.0694662813757 -0.0446141333687 0.0137360506897 0.0651248139008 0.0277065151954 0.060351120292 0.0555764652967 0.14549194025 -0.00402043538339 0.00643549815371 0.125813919816 0.166860950662 0.0625519794012 0.0584601113663 -0.0230806298276 -0.0399115001886 0.143606945959 0.0362783954729 0.0701208110693 0.14748120715 0.0485417936556 0.142827497333
 0.0448721064453 0.135689940353 0.0386876051675 0.0475906955866 -0.0482765692639 0.100383377063 0.0634098301411 -0.0492252038963 0.0127669564766 0.0138646641511 0.0579272787865 -0.0119461347366 -0.0229769202029 0.096963660923 -0.0414753361026 0.0311080519535 0.0777732405946 0.0664612448052 0.0240222462891 0.138200053761 0.108847809922 0.0643767288474 -0.0539603161993 -0.0167177962954 -0.0435620545749 -0.000682431782707 0.0651707440301 -0.0277090065901 -0.0184706457419 0.059716741156 0.135985804617 -0.00393339258531
 -0.0406306481576 -0.0534824799362 0.0568326053917 0.0585005915708 0.00192144651324 0.0863111498207 -0.0345274887423 -0.0554261915269 -0.0245625158845 0.069196191009 -0.0205003615832 -0.0479880846982 0.0732642754591 0.0401407727525 0.12890135899 0.127394066747 -0.0230616460243 0.0508718841249 0.0203403605357 -0.0259255494342 -0.0297458637948 0.0674055063115 0.0566652378003 0.136815747065 0.10038544179 -0.017590267163 0.0320775554244 0.0789901142096 0.0519579422507 0.0221436005776 -0.00757027722732 -0.018038119084
 0.0522600548376 -0.0275828379405 -0.000511489498807 0.0800495531473 -0.0490903279794 0.0203786495208 0.0653316743158 -0.000930350860798 0.0288737277998 0.04955613359 0.0403810734856 0.0804812263381 -0.0378228486401 -0.0466449213206 -0.00513700222057 0.130971967055 -0.00290335231434 -0.000106950912619 0.00737732899408 0.0931883612485 0.0194732989286 0.135104315907 0.0188295207274 -0.00268063625119 -0.00960857612185 0.116403560305 0.152516855794 0.00764720418272 -0.0218657509457 -0.0180499074861 0.0545059010069 -0.0356504562321
 0.146762708964 0.0633850367642 0.0996270241094 0.0188003044041 -0.000832616092592 0.0304154232377 0.0348835981562 0.0969754710423 0.123950060222 0.025821790917 -0.0167694526451 0.0102469074546 0.124497087338 0.0105674653362 -0.0106123800191 -0.0103809922383 -0.00805047412827 0.149725237464 0.137345200853 0.114675442119 0.00251852950736 0.0723747354754 0.118219960383 0.148315401734 -0.0331214229225 0.101133567657 0.0980775204757 0.115620005542 -0.041401571129 0.108450696176 0.119625210528 0.000624027836112
