-0.845926502432 0.533469777509 -0.745199160245 -0.183718131385 0.546090354855 -0.475160076465 1.00491876062 -0.516231976433 -0.208691657562 0.069727128778 -0.135258199598 -0.134168100664 1.67821799374 0.0497856733145 -0.280225116076 -0.793030651627 -0.437491414361 -0.0489923429602 0.721616093187 -0.780447652712 -1.07300644567 -0.563267848963 -0.722940338672 -0.169838012488 -0.372746144055 -0.51106562067 -0.443882880176 -0.339735484734 0.196264704552 1.25675365339 -0.120645154845 0.0298690519646
 0.250587964195 -0.347416915166 -0.170980074802 0.495432280662 0.0249570293148 0.0400217197607 0.49467740708 1.14828266296 -0.791703653615 -0.159011523406 -0.687577026574 -0.0998259742947 -0.649275050986 0.207671916641 -0.429434194923 0.215505065567 1.5890201936 0.332199234824 -0.749141992627 0.232182490257 1.14017616175 -0.0495926913064 0.914655296855 -0.503759541043 0.410394502724 1.65212883214 -0.926401846349 -0.314185156376 0.31805862572 -0.0764835685086 -0.0113460458811 -0.737520732253
 -0.540627752705 0.358332362173 2.02695303069 0.0361029312733 -0.262450352255 0.233543187815 0.0489631939225 -2.00733620375 -0.297948828757 -0.772755313069 -0.30357510727 0.568122781045 -0.836334636225 1.27589838321 0.562992782179 0.260555841553 -0.370267699961 -0.61535607941 -0.236245065896 0.10098236777 1.20231293654 0.480504453371 -1.7771685582 0.223394232375 0.324163495386 1.27944917842 -0.337691128708 0.465169046502 1.64020011056 1.07728450181 -0.120877527976 0.274297224589
 0.354418192189 0.261261614656 0.766769056502 0.117376118238 -0.298123019238 -0.109495135797 0.0556504037375 -0.792096751046 -0.25542784189 0.943310530894 -0.329791055262 1.64521121891 -0.183737547839 0.623066958436 0.119120354826 1.37355175458 -0.372191089766 -0.10092303092 -0.159791041911 -0.927804467722 0.34844454406 0.240788903192 0.593282652721 0.320344921183 -0.0762195988036 -1.15686087904 -0.205180382276 -0.783663236244 -0.788020584643 -0.738434752145 -0.0243328278755 0.451743698916
 -0.577597901071 0.832838348067 0.638203811732 -0.092122687547 0.143053234086 0.43626356831 -1.59926574355 0.373103786306 1.6675171414 -0.375665223404 0.0216713561011 -1.15853853528 -1.00925397848 -1.07966649672 -0.83746695303 0.262574448035 -0.405516374942 0.0179885928865 0.0122876706866 0.505773343163 -0.75028980466 -0.483851243615 1.44946353285 -0.995421765995 0.0600025043055 -0.233119769719 0.61874181291 1.47057718065 -0.659148999606 0.0165816781763 -0.186804962309 -0.811947290761
 1.65844603161 -0.344075165811 -0.51467012177 0.501090883254 0.0211579019303 -0.092954837871 1.83909169905 1.46678488975 1.18361534779 0.735743224297 0.439329896087 0.0221732773152 0.254111700703 -0.647054811429 0.849407058031 -0.683909268809 0.985091820845 0.583224736708 -0.199373519525 -0.879163209866 -0.509969735506 0.391604513345 -0.876395258103 -0.539027148307 -0.167793584447 -0.0769224763703 0.944024506675 -1.17464026453 0.574693580741 -0.564937229293 -0.164168696768 0.749891170874
 0.222265561389 0.14853650074 -0.1837117953 0.673645114938 -0.32935282887 0.43073105347 0.367576946329 0.419245492509 0.0191334447952 0.395539415722 0.339143392875 -1.19564445975 -0.297310845069 -0.510228330565 -0.367268420333 -0.776804118737 -0.0218355873938 0.230524586386 -0.553412898956 1.01094105429 0.087434925597 -0.188397359144 -0.719064715664 -0.14729864816 0.197160138752 -0.0315342657763 -1.92024222005 0.706211953393 -0.15450762344 0.934174182223 0.364880454086 1.79830150572
 -0.73016132255 0.516618380029 -0.0657221550882 -0.32300295903 0.727492828725 -0.131559037799 -0.73440045894 -0.613777841572 -0.970613017607 0.00994005816988 -0.569389491501 -0.918791371186 1.14158597011 1.3425300237 1.45206269701 0.973208740699 0.231161559023 -0.130379024829 -0.26996411171 -0.0838707693239 0.369926534705 0.00958696046753 0.451052925332 1.79741291834 0.129072541365 0.154648477714 0.488492691757 1.07385034807 0.167735660662 -1.44190176525 0.644829232038 -0.539572794015
 0.0442743954129 -1.30022838362 -0.955265795845 -0.600206266146 -0.509496842056 -0.463765607154 -0.867793626288 0.117422580526 0.253762441662 -0.254919504154 0.326593421883 0.97883174729 -0.0985112629703 0.267236721575 -0.435547359298 -1.04995679102 -0.719378646251 -0.27694424965 0.0781795329579 0.950798868329 -0.284806762237 -0.761848800121 -0.936716603658 -0.566234694942 -0.435120842729 -0.565546354473 1.000499567 -1.54578067429 -0.579634247772 0.445358694534 -0.759934019771 -1.24321207012
 -0.0156454875196 -0.513921450543 -0.828270675566 -0.471179745963 -0.420326798441 0.127486854626 -0.688733506461 0.399559038463 -0.642597337434 -0.826352923251 0.67631023698 0.0012965617176 -0.0552902472976 -1.2877988798 -0.82908239603 0.145401939061 -0.569174491136 0.248145681578 1.46238316302 -0.0812962940099 -0.519390535612 1.18085007591 1.30834173348 1.00391045498 -0.159796609943 -0.507837208509 1.11000065511 0.325912590521 -0.966716649566 -0.725459509243 0.485974112751 -0.438329705548
