0.
 0.
 0.
 0.
 0.
 0.
 0.
 0.
 0.
 0.
 0.
 0.
 0.
 0.
 0.
 0.
 0.
 0.
 0.
 0.
 0.
 0.
 0.
 0.
 0.
 0.
 0.
 0.
 0.
 0.
 0.
 0.
 0.
 0.
 0.
 0.
 0.
 0.
 0.
 0.
 0.
 0.
 0.
 0.
 0.
 0.
 0.
 0.
 0.
 0.
 0.
 0.
 0.
 0.
 0.
 0.
 0.
 0.
 0.
 0.
 0.
 0.
 0.
 0.
 0.
 0.
 0.
 0.
 0.
 0.
 0.
 0.
 0.
 0.
 0.
 0.
 0.
 0.
 0.
 0.
 0.
 0.
 0.
 0.
 0.
 0.
 0.
 0.
 0.
 0.
 0.
 0.
 0.
 0.
 0.
 0.
 0.
 0.
 0.
 0.
 0.
 0.
 0.
 0.
 0.
 0.
 0.
 0.
 0.
 0.
 0.
 0.
 0.
 0.
 0.
 0.
 0.
 0.
 0.
 0.
 0.
 0.
 0.
 0.
 0.
 0.
 0.
 0.
 0.
 0.
 0.
 0.
 0.
 0.
 0.
 0.
 0.
 0.
 0.
 0.
 0.
 0.
 0.
 0.
 0.
 0.
 0.
 0.
 0.
 0.
 0.
 0.
 0.
 0.
 0.
 0.
 0.
 0.
 0.
 0.
 0.
 0.
 0.
 0.
 0.
 0.
 0.
 0.
 0.
 0.
 0.
 0.
 0.
 0.
 0.
 0.
 0.
 0.
 0.
 0.
 0.
 0.
 0.
 0.298039215686
 0.333333333333
 0.333333333333
 0.333333333333
 0.337254901961
 0.333333333333
 0.333333333333
 0.109803921569
 0.
 0.
 0.
 0.
 0.
 0.
 0.
 0.
 0.
 0.
 0.
 0.
 0.
 0.
 0.
 0.
 0.
 0.0274509803922
 0.223529411765
 0.776470588235
 0.964705882353
 0.988235294118
 0.988235294118
 0.988235294118
 0.992156862745
 0.988235294118
 0.988235294118
 0.780392156863
 0.0980392156863
 0.
 0.
 0.
 0.
 0.
 0.
 0.
 0.
 0.
 0.
 0.
 0.
 0.
 0.
 0.
 0.149019607843
 0.698039215686
 0.988235294118
 0.992156862745
 0.988235294118
 0.901960784314
 0.874509803922
 0.56862745098
 0.882352941176
 0.976470588235
 0.988235294118
 0.988235294118
 0.501960784314
 0.
 0.
 0.
 0.
 0.
 0.
 0.
 0.
 0.
 0.
 0.
 0.
 0.
 0.
 0.188235294118
 0.647058823529
 0.988235294118
 0.988235294118
 0.745098039216
 0.439215686275
 0.0980392156863
 0.
 0.
 0.
 0.572549019608
 0.988235294118
 0.988235294118
 0.988235294118
 0.
 0.
 0.
 0.
 0.
 0.
 0.
 0.
 0.
 0.
 0.
 0.
 0.
 0.2
 0.933333333333
 0.992156862745
 0.941176470588
 0.247058823529
 0.
 0.
 0.
 0.
 0.
 0.
 0.188235294118
 0.898039215686
 0.992156862745
 0.992156862745
 0.
 0.
 0.
 0.
 0.
 0.
 0.
 0.
 0.
 0.
 0.
 0.0392156862745
 0.639215686275
 0.933333333333
 0.988235294118
 0.913725490196
 0.278431372549
 0.
 0.
 0.
 0.
 0.
 0.
 0.
 0.113725490196
 0.843137254902
 0.988235294118
 0.988235294118
 0.
 0.
 0.
 0.
 0.
 0.
 0.
 0.
 0.
 0.
 0.
 0.235294117647
 0.988235294118
 0.992156862745
 0.988235294118
 0.81568627451
 0.0745098039216
 0.
 0.
 0.
 0.
 0.
 0.
 0.
 0.333333333333
 0.988235294118
 0.988235294118
 0.552941176471
 0.
 0.
 0.
 0.
 0.
 0.
 0.
 0.
 0.
 0.
 0.211764705882
 0.878431372549
 0.988235294118
 0.992156862745
 0.701960784314
 0.329411764706
 0.109803921569
 0.
 0.
 0.
 0.
 0.
 0.
 0.
 0.698039215686
 0.988235294118
 0.913725490196
 0.145098039216
 0.
 0.
 0.
 0.
 0.
 0.
 0.
 0.
 0.
 0.188235294118
 0.890196078431
 0.988235294118
 0.988235294118
 0.745098039216
 0.0470588235294
 0.
 0.
 0.
 0.
 0.
 0.
 0.
 0.
 0.
 0.882352941176
 0.988235294118
 0.56862745098
 0.
 0.
 0.
 0.
 0.
 0.
 0.
 0.
 0.
 0.2
 0.933333333333
 0.992156862745
 0.992156862745
 0.992156862745
 0.447058823529
 0.294117647059
 0.
 0.
 0.
 0.
 0.
 0.
 0.
 0.
 0.447058823529
 0.992156862745
 0.76862745098
 0.
 0.
 0.
 0.
 0.
 0.
 0.
 0.
 0.
 0.
 0.623529411765
 0.988235294118
 0.988235294118
 0.988235294118
 0.988235294118
 0.992156862745
 0.474509803922
 0.
 0.
 0.
 0.
 0.
 0.
 0.
 0.188235294118
 0.933333333333
 0.874509803922
 0.509803921569
 0.
 0.
 0.
 0.
 0.
 0.
 0.
 0.
 0.
 0.
 0.992156862745
 0.988235294118
 0.937254901961
 0.792156862745
 0.988235294118
 0.894117647059
 0.0823529411765
 0.
 0.
 0.
 0.
 0.
 0.
 0.0274509803922
 0.647058823529
 0.992156862745
 0.654901960784
 0.
 0.
 0.
 0.
 0.
 0.
 0.
 0.
 0.
 0.
 0.
 0.623529411765
 0.988235294118
 0.913725490196
 0.329411764706
 0.376470588235
 0.18431372549
 0.
 0.
 0.
 0.
 0.
 0.
 0.0274509803922
 0.513725490196
 0.988235294118
 0.635294117647
 0.219607843137
 0.
 0.
 0.
 0.
 0.
 0.
 0.
 0.
 0.
 0.
 0.
 0.196078431373
 0.929411764706
 0.988235294118
 0.988235294118
 0.741176470588
 0.309803921569
 0.
 0.
 0.
 0.
 0.
 0.
 0.529411764706
 0.988235294118
 0.678431372549
 0.
 0.
 0.
 0.
 0.
 0.
 0.
 0.
 0.
 0.
 0.
 0.
 0.
 0.
 0.
 0.223529411765
 0.992156862745
 0.992156862745
 1.
 0.992156862745
 0.992156862745
 0.992156862745
 0.992156862745
 1.
 0.992156862745
 0.992156862745
 0.882352941176
 0.
 0.
 0.
 0.
 0.
 0.
 0.
 0.
 0.
 0.
 0.
 0.
 0.
 0.
 0.
 0.
 0.0235294117647
 0.478431372549
 0.654901960784
 0.658823529412
 0.952941176471
 0.988235294118
 0.988235294118
 0.988235294118
 0.992156862745
 0.988235294118
 0.729411764706
 0.278431372549
 0.
 0.
 0.
 0.
 0.
 0.
 0.
 0.
 0.
 0.
 0.
 0.
 0.
 0.
 0.
 0.
 0.
 0.
 0.
 0.
 0.196078431373
 0.647058823529
 0.764705882353
 0.764705882353
 0.76862745098
 0.580392156863
 0.0470588235294
 0.
 0.
 0.
 0.
 0.
 0.
 0.
 0.
 0.
 0.
 0.
 0.
 0.
 0.
 0.
 0.
 0.
 0.
 0.
 0.
 0.
 0.
 0.
 0.
 0.
 0.
 0.
 0.
 0.
 0.
 0.
 0.
 0.
 0.
 0.
 0.
 0.
 0.
 0.
 0.
 0.
 0.
 0.
 0.
 0.
 0.
 0.
 0.
 0.
 0.
 0.
 0.
 0.
 0.
 0.
 0.
 0.
 0.
 0.
 0.
 0.
 0.
 0.
 0.
 0.
 0.
 0.
 0.
 0.
 0.
 0.
 0.
 0.
 0.
 0.
 0.
 0.
 0.
 0.
 0.
 0.
 0.
 0.
 0.
 0.
 0.
 0.
 0.
 0.
 0.
 0.
 0.
 0.
 0.
 0.
 0.
 0.
 0.
 0.
 0.
 0.
 0.
 0.
 0.
 0.
 0.
 0.
 0.
 0.
 0.
 0.
 0.
 0.
 0.
 0.
 0.
 0.
 0.
 0.
 0.
 0.
 0.
 0.
 0.
 0.
 0.
 0.
 0.
 0.
 0.
 0.
 0.
 0.
 0.
 0.
 0.
 0.
 0.
 0.
 0.
 0.
 0.
 0.
 0.
 0.
 0.
 0.
 0.
 0.
 0.
 0.
