-0.245434983592 -0.0610301643377 -0.204291931325 -0.101930490455 -0.0392917786174 -0.213512671113 -0.106170649865 -0.0380873010957 -0.111573397988 -0.159842999694 -0.135317516535 -0.0544150713136 -0.0497836640717 -0.0189683107913 -0.132122853551 -0.120820912295 -0.0551933225053 -0.118483638923 -0.0955799379693 -0.215311085054 -0.174262763017 -0.122012615022 -0.185192772409 -0.0568698521372 -0.192151383305 -0.193387963399 -0.132524998241 -0.238842550504 -0.0806919210725 -0.0393201182216 -0.0358342429043 -0.229520294235
 -0.216418737026 -0.135425486463 -0.117736618711 -0.0105780653114 -0.20515150192 -0.0721269177327 -0.165083923958 -0.0218277485298 -0.162341086745 -0.175810800107 -0.125761705693 -0.199792708996 -0.153966324324 -0.0459894872301 -0.174153206955 -0.169951832988 -0.0738262262527 -0.128292568778 -0.169299130847 -0.11496065782 -0.0627127255803 -0.163441502618 -0.126784721636 -0.0375706479739 -0.0363919062494 -0.0600398923798 -0.0860452628325 -0.207993649761 -0.185101938948 -0.0413699284933 -0.223290091403 -0.258678259148
 -0.111219830351 -0.138919077094 -0.167469494363 -0.171286312203 -0.209752027729 -0.114229903616 -0.113536860502 -0.174235639626 -0.167876843086 -0.259095656776 -0.133246934948 -0.10369057676 -0.222583624047 -0.120028897936 -0.183578999686 -0.237393099027 -0.207681674801 -0.228018739389 -0.129983451941 -0.0696920517959 -0.0523940015266 -0.176739642115 -0.194964787019 -0.0940276408094 -0.118319525018 -0.104414327308 -0.232812628472 -0.141876701623 -0.0993487886989 -0.0985212773877 -0.24852047368 -0.177556581292
 -0.0884673638251 -0.00867377218079 -0.181784249421 -0.13266172237 -0.22478826219 -0.105949030182 -0.118450804635 -0.121075304165 -0.176705705869 -0.0701906862077 -0.174223880917 -0.130077545099 -0.00873227785663 -0.0589039771316 -0.0181468554096 -0.132799767862 -0.205796159838 -0.0610996602872 -0.0316022076335 -0.206436734899 -0.0816061729063 -0.146853825483 -0.230662761488 -0.0680326849092 -0.154061560285 -0.154833107063 -0.111610480753 -0.191761747568 -0.0985493908616 -0.222642317809 -0.145861852447 -0.234679545263
 -0.232447889796 -0.133006217494 -0.105509108279 -0.0638709283017 -0.0746260862279 -0.211578121724 -0.197069983023 -0.0744638529038 -0.166656334147 -0.205480654733 -0.171380002677 -0.160348552489 -0.129840167164 -0.046769410301 -0.156832209964 -0.219245987629 -0.0777945591466 -0.0403639520804 -0.0334161774994 -0.0867949371153 -0.182918509813 -0.094227279803 -0.220994977798 -0.0298185820714 -0.0414876993124 -0.051690961319 -0.0555280991898 -0.0520814262325 -0.156483509409 -0.0950070365538 -0.0398454924424 -0.179404563294
 -0.162024682984 -0.0305834632658 -0.126661685118 -0.157049394409 -0.12019049366 -0.148151781628 -0.0734268806291 -0.099409094341 -0.0591530214495 -0.238224164842 -0.11537720956 -0.216182463418 -0.142370961361 -0.116769707606 -0.163037866314 -0.165518629414 -0.158505621941 -0.0609082600589 -0.176169961767 -0.186692756103 -0.0236520775452 -0.0627786295014 -0.143430908204 -0.131631421911 -0.211592584524 -0.234845846906 -0.0789968928467 -0.207895977336 -0.095639659224 -0.0472512647859 -0.168498586134 -0.0999222042673
 -0.133732128952 -0.00250390716733 -0.145162675207 -0.101764255252 -0.179727011333 -0.0473976393329 -0.0806640113172 -0.167997140838 -0.16148915793 -0.149596953855 -0.0621132546774 -0.113390162332 -0.140942973969 -0.0411355377748 -0.170582947915 -0.128175925536 -0.0661070212476 -0.0724883754686 -0.119195086337 0.00874114691425 -0.00359985193683 -0.106895901262 -0.205990564985 -0.142906591998 -0.20503640533 -0.159472793746 -0.0904499972354 -0.204058794271 -0.135216562866 -0.0742095443803 0.00125618022455 -0.190770073337
 -0.176963248076 -0.175261490457 -0.0588649452673 -0.0435298672663 -0.100016143877 -0.0544665072331 -0.137362103499 -0.157789329861 -0.116569263186 -0.0371193185814 -0.154835887715 -0.163366578708 -0.0128009543475 -0.0856601976808 0.00522029973338 -0.0220076037422 -0.135490433912 -0.0708412730451 -0.0794302577119 -0.147836524286 -0.10673078496 -0.0713397924429 -0.0777636805001 0.0105721672241 0.0107831574999 -0.149643654098 -0.10538372939 -0.0742813567509 -0.0539382215259 -0.103477974168 -0.153334271199 -0.167404050642
 -0.153666443757 -0.190131610801 -0.19727843803 -0.103832009568 -0.216252345778 -0.143992149031 -0.0918268665304 -0.170369767911 -0.15848047425 -0.143542340434 -0.123241213994 -0.0845438894976 -0.176596960588 -0.208277375346 -0.186487945612 -0.104837316939 -0.175825112119 -0.182876621354 -0.155852377421 -0.0893240596993 -0.122583827437 -0.0656620251303 -0.170146206113 -0.172473847221 -0.189490482188 -0.0582398757477 -0.0676847112081 -0.217573277893 -0.181317987319 -0.183899366016 -0.146009267308 -0.253645819421
 -0.0979361064224 -0.150363599986 -0.125025568127 -0.17959890441 -0.191698018098 -0.189943846516 -0.164084693943 -0.0944936319027 -0.0854176620127 -0.196467194493 -0.228159238941 -0.186025522706 -0.0326998663681 -0.205452816674 -0.229886770303 -0.257758397874 -0.212589766904 -0.0692534614003 -0.0534071481892 -0.0954801885052 -0.150059251845 -0.16755233645 -0.111232925243 -0.0498726407072 -0.217588917533 -0.111371850827 -0.148025135508 -0.149418003908 -0.220660935111 -0.114454678473 -0.117170088147 -0.272448741461
