-0.765967503208 0.303037199315 -0.941303890439 -0.127483268564 0.277167374368 -0.429821515289 1.0720578744 -0.828420591206 -0.0964571084232 -0.105174895488 -0.209017134612 -0.0433142197674 1.84692509437 0.0329463278561 -0.35818799279 -0.751885444812 -0.407923021669 -0.0568856287374 0.520280949167 -1.02260116438 -0.989934951149 -0.536833849606 -0.792028677099 -0.202263087717 -0.363460490525 -0.458296755011 -0.458267835915 -0.416016208372 -0.0104934239583 1.23816975148 -0.07043331711 -0.0033920646362
 0.213972674037 -0.428362961436 -0.179431451758 0.473699452485 -0.0417713711135 -0.021243600686 0.177129160817 1.65554105273 -0.768907180909 -0.217159481198 -0.650634514882 0.187285448545 -0.658318593491 0.707623951355 -0.368402660594 -0.00019222391742 1.13359897691 0.291392304568 -0.783679447482 0.637927228604 1.24699803481 -0.0800781126001 0.75086321033 -0.549522133935 0.404174638148 1.98565303964 -0.661516153969 -0.412471610092 0.220716569872 -0.225901990127 -0.0632993233394 -0.554722346286
 0.00160308520791 0.318447297075 1.94448453042 -0.0610950746029 -0.27485521258 0.129291469018 0.0787682710032 -1.67815721371 0.107515333578 -0.483074422747 -0.102919384687 0.420291529621 -0.806963213769 1.7039246504 0.434348470061 0.207642919814 -0.0859563676632 -0.514516319502 -0.154646527148 -0.0187498305428 1.32634828543 0.199986736971 -1.52696845327 0.493326020897 0.213726916873 0.933775529624 -0.767531578018 0.185646726559 0.983942268015 1.03819706117 -0.221451657036 0.305229875923
 0.296560257265 0.592167025275 0.508339214872 -0.0814225412099 -0.0451920246597 -0.0877513956928 -0.227264451527 -0.448752189251 -0.424883888835 0.742676749231 -0.36651858598 1.7932115582 -0.144452172725 0.118467468668 0.198700003546 0.88691488498 -0.373922947762 0.0245785754704 -0.121279705288 -0.813714379457 0.168319249625 0.069825746682 0.544241777788 0.354153088555 -0.0152000491483 -0.810863325232 -0.00851586914117 -0.430554846224 -0.26101709794 -0.80240271157 -0.0103622816159 0.949089934015
 -0.411920331015 0.498013809849 0.786470548301 -0.0635546334234 0.044379730258 0.42953781866 -1.4958750836 0.528645558767 1.90642902524 -0.313038297704 0.052107341415 -1.40405559095 -0.791660181529 -0.984619532209 -0.655976290573 0.204856812306 -0.383682120567 -0.011531901094 0.112569409205 0.485649049439 -0.705065701277 -0.412113099972 1.28948172974 -0.930117086179 0.0653736916623 -0.340747946909 0.580572877443 1.34243179144 -0.617847678723 -0.206609748846 -0.127685542021 -1.00106940254
 1.24159842596 -0.152273214997 -0.721632517751 0.447450016698 0.11395778692 -0.0423324443235 1.59086638721 1.01509573201 0.863261469983 1.00591261675 0.556222872934 0.199858847396 0.283216329687 -0.499874491101 0.672874707962 -0.586960298882 0.772071597076 0.589409238099 -0.294631712562 -0.521616481114 -0.53207173766 0.497789629518 -0.681758006182 -0.605550197305 -0.144529764419 -0.0181918667822 0.716332916886 -0.691487049119 0.625816977688 -0.155775284287 -0.163876229433 0.642177874117
 0.144790147842 0.0870549522183 0.289942321124 0.593637913717 -0.221366903975 0.272648933429 0.441798813775 0.184940198485 0.143901937018 0.196238901063 0.367793320307 -1.09447197534 -0.254588115394 -0.724803616672 -0.214944615182 -0.47598617108 -0.0751740197032 0.251190875854 -0.521007985561 1.0233026899 0.18680601085 -0.218755056037 -0.638019083946 -0.138348906534 0.0846859184627 -0.0974135269943 -1.65455997039 0.159043243097 -0.0944520613525 0.869107529137 0.296672554696 1.55256907312
 -0.485667291898 0.296163704817 -0.105294741014 -0.20502651611 0.606488933228 -0.00632780519269 -0.795910808445 -0.48189166968 -0.311860760077 0.183128362335 -0.393571310478 -0.930504688363 1.22609687679 1.21574568113 1.41682765552 1.25243789099 0.359703354757 -0.0653732395321 0.132472151538 -0.436530499429 0.373469303751 0.294047426935 0.590102013104 2.05193803837 0.240758456868 0.136113885034 0.604343106492 0.952459135991 0.124122526067 -1.30574935838 0.695000974147 -0.481297656048
 -0.212683100478 -0.971399438516 -0.973876003089 -0.46088383787 -0.492372954208 -0.493777382859 -0.197868677458 -0.035013328649 -0.832933835217 -0.480811586304 -0.13875402224 0.617993132895 -0.508884234292 0.0964587298018 -0.557352106361 -1.0377771774 -0.425567278667 -0.438605031433 -0.337255002922 0.758564758193 -0.430313573424 -0.782236960684 -1.22803132654 -0.827329243846 -0.392905733562 -0.821980749271 0.878618707317 -1.18890819011 -0.498201876567 0.525056561383 -0.659263038176 -1.419169766
 -0.202253185197 -0.397433305569 -0.639591890365 -0.361903972826 -0.323433850187 0.244887611834 -0.723016410676 0.0829681282039 -0.629018953571 -0.763142075355 0.662748841944 -0.0376268971401 -0.247169693972 -1.42442801087 -0.763328719236 0.228045767305 -0.60372990305 0.169829230921 1.55371570027 -0.044135641039 -0.633723101994 1.22474450192 1.37662748302 0.777196223639 -0.183507181804 -0.504708370378 1.09888457518 0.383573309792 -0.723661625899 -0.791155924265 0.432272423336 -0.455895462301
