3.24442512334e-165
 3.43022292802e-165
 5.02515080439e-166
 2.88804395163e-165
 -3.1397964829e-165
 1.54171654857e-165
 -3.06223701352e-165
 8.25514954797e-167
 4.13052772615e-165
 2.52848726094e-166
 -2.97414431208e-165
 -2.32465918498e-165
 -1.30276721796e-165
 3.9887969368e-165
 -3.64329239092e-165
 3.79911462281e-165
 9.46958832637e-166
 2.80845193284e-165
 6.42734896759e-166
 -2.40009926152e-165
 -4.76534751427e-166
 1.55626659306e-165
 1.57888827779e-165
 3.05920602275e-165
 3.51550363051e-165
 2.49434992e-165
 -1.09352996691e-165
 2.03995194263e-165
 -3.02264167528e-165
 -2.95454659996e-165
 6.36759855638e-166
 -1.20515596605e-165
